579.0
377.0
169.0
26.1
31.0
31.2
29.9
29.4
29.4
28.4
31.6
36.6
35.7
24.4
35.6
33.5
32.0
31.5
31.3
30.0
29.9
28.4
37.5
26.1
24.5
24.4
33.6
32.8
31.2
31.1
30.3
29.6
29.1
28.1
38.9
26.6
36.5
34.8
33.4
32.0
32.3
31.1
31.1
30.9
30.4
34.5
29.9
29.0
29.0
28.2
37.5
37.5
36.3
35.6
35.3
34.1
35.4
34.2
33.5
33.2
32.2
33.2
32.4
31.4
30.9
30.4
31.2
30.1
30.0
29.2
28.0
28.6
38.6
25.6
25.8
34.9
24.6
37.3
21.2
34.8
30.0
30.9
29.8
28.9
37.4
36.3
35.8
34.4
34.3
38.3
33.3
31.3
30.9
30.2
28.8
37.0
36.5
35.6
34.6
33.2
23.3
32.3
32.2
30.8
29.8
28.8
27.8
37.5
35.5
34.8
25.0
33.0
26.4
32.1
31.9
20.5
29.9
28.3
37.8
24.9
25.2
34.5
33.6
32.5
31.2
30.9
30.0
29.6
28.7
26.6
24.4
35.6
34.1
33.3
32.6
31.7
30.2
30.1
29.7
28.2
37.8
26.9
36.6
35.1
36.3
34.4
23.7
32.8
31.5
30.5