48.6
52.7
55.0
69.3
66.0
68.9
21.6
8.27
16.5
43.7
88.8
94.4
97.3
98.2
106.0
109.0
8.99
119.0
7.31
127.0
6.8
30.3
34.9
23.0
45.7
50.0
55.0
55.9
62.6
66.2
71.9
73.8
75.9
84.4
85.0
89.8
94.0
102.0
9.46
112.0
8.4
116.0
119.0
9.66
128.0
6.56
32.1
140.0
8.46
43.7
49.6
221.0
20.3
21.0
60.9
67.4
68.9
77.9
77.1
81.7
87.7
90.1
100.0
99.0
216.0
20.0
112.0
11.0
23.9
124.0
22.5
30.7
36.0
39.5
43.7
49.2
49.7
54.8
59.9
66.1
66.8
69.1
81.1
19.9
83.3
88.1
92.9
98.1
103.0
7.18
112.0
9.26
117.0
7.59
28.8
28.8
30.8
38.1
20.2
217.0
21.2
51.0
60.6
59.1
66.4
66.4
70.8
72.8
78.5
87.0
90.8
91.2
93.6
17.6
21.7
111.0
6.95
115.0
7.01
24.8
23.4
27.7
36.3
36.0
42.4
43.0
48.1
50.6
19.5
218.0
19.0
66.8
76.5
76.9
80.0
86.8
89.8
91.9
97.8
102.0
215.0
108.0
7.54
59.0
19.1
220.0
19.6
222.0
19.5
237.0