91.0
90.9
101
215
15.3
109
8.42
119
122
6.69
26.2
34.4
39.2
40.3
48.0
47.2
54.3
60.8
60.5
70.1
73.1
78.5
76.3
80.6
86.2
89.5
96.9
7.05
103
129
112
6.84
19.2
218
20.7
35.3
34.6
38.0
45.0
48.9
159
6.92
61.3
63.5
68.7
72.2
74.6
84.9
86.0
97.6
93.3
101
110
9.25
110
6.38
23.1
217
15.6
31.7
31.1
41.7
38.6
44.5
52.6
60.3
61.2
57.7
67.2
67.9
5.56
76.3
82.7
85.6
87.2
91.8
24.5
104
213
12.6
111
9.31
19.1
22.5
27.2
272
280
138
244
37.9
40.4
154
256
48.9
57.7
250
47.6
162
8.21
137
137
211
140
211
221
228
244
92.6
93.2
105
104
310
106
111
4.95
19.1
23.7
64.6
30.7
62.4
38.4
275
73.0
48.0
54.7
58.0
65.6
64.1
68.3
73.6
79.8
81.5
84.6
91.7
94.6
106
106
4.66
114
10.0
225
125
9.23
26.3
30.6
41.0
46.1
42.8
50.0
51.1
